200
121 8 95 168 7 149 108 107 91
140 177 118 41 136 62 66 89 124 75 187 147 15 110 131 194 98 196 17 9 119 138 92 164 44 67 182 144 72 5 32 83 106 102 42 176 87 157 148 20 23 175 100 18 112 117 22 134 30 126 183 199 85 39 145 184 58 88 120 133 77 181 142 161 84 68 33 78 25 37 129 80 64 103 195 135 27 2 198 73 56 57 79
61 128 51 16 47 178 45 105 34 53 60 99 115 113 82 193 151
94 6 192 69 40 172 46 101 155 171 185 141 11 10 159 189 137 130 123 93 190 90 174 156 1
49 31 173 104 63 74 127 163 86 29 12 165 162 71 169 48 3
179 111 21 170 36 122 65 166 114 139 50 19 154 97 160 180
146 26 76 125 109 70 143 153 150 167 191 116 35 158 81 152 52 96 186
59 54 55
132 14 38 43 4 188 13 197 200 24 28
47
37
143
199
189
124
142
52
29
49
190
115
13
85
20
14
44
140
177
86
188
111
44
200
191
29
53
146
115
12
127
75
10
141
127
57
75
65
7
50
38
4 5 15 14 20 4 18 1 12 11 3 2 2 5 4 2 11 15 5 8 16 8 12 11 1 20 7 2 17 20 4 6 8 2 16 7 10 3 7 18 13 5 14 11 10 4 8 17 4 16